6.652908479625528892e-01
4.640061099420894064e-01
4.096119700507684369e-01
3.613177152519876367e-01
3.238423914394595315e-01
3.047377538274634867e-01
2.925846355882558147e-01
2.861848735673860888e-01
2.796050761233676574e-01
2.796099372208118439e-01
2.778555870733477873e-01
2.747487980533729890e-01
2.729233241894028494e-01
2.727113563906062854e-01
2.711213611066341511e-01
2.716925201768224940e-01
2.709823096340353010e-01
2.690192990682341856e-01
2.719536450776187109e-01
2.663407090712677228e-01
2.695217963646758808e-01
2.676102284003387677e-01
2.700877689502456103e-01
2.671241374855691797e-01
2.669760882854461670e-01
2.675845224071632944e-01
2.653455716642466600e-01
2.662159148942340736e-01
2.703429392792962016e-01
2.666727882894602830e-01
2.667533435604789172e-01
2.657468824224038517e-01
2.676972468468276078e-01
2.656027433547106797e-01
2.662757715040987017e-01
2.655854467641223793e-01
2.650174199180169721e-01
2.646183065392754274e-01
2.649810535663908451e-01
2.655230631205168779e-01
2.654302637008103538e-01
2.642796162854541553e-01
2.649053753776983711e-01
2.631706663830714055e-01
2.637722759084267787e-01
2.638778943229805329e-01
2.633054988628084070e-01
2.640168558467518301e-01
2.636187194423241786e-01
2.640513850884004254e-01
2.560020681131969789e-01
2.553271704776720608e-01
2.551477920602668314e-01
2.549278960986570697e-01
2.551893083209341162e-01
2.551411168141798358e-01
2.551137899133292253e-01
2.551713810725645404e-01
2.551026867871934445e-01
2.552643893117254592e-01
2.553353706544095880e-01
2.553135119378566742e-01
2.552445639940825184e-01
2.553091998804699059e-01
2.548333314332095201e-01
2.551543084735219957e-01
2.550989027727734171e-01
2.550913723354990004e-01
2.551277995786883634e-01
2.549845388667150159e-01
2.552049065178090825e-01
2.552500506016341375e-01
2.551298939368941698e-01
2.548445568843321629e-01
2.548341509970751817e-01
2.544510760090568091e-01
2.547784481536258250e-01
2.545344435355880175e-01
2.549944368275728901e-01
2.549337090416388119e-01
2.541194944219155594e-01
2.543248802423477284e-01
2.542126434093172072e-01
2.542895739051428960e-01
2.540090457282282999e-01
2.540459482507272382e-01
2.542128762060945624e-01
2.540239781141281350e-01
2.540017080577937070e-01
2.540640130639076344e-01
2.542214138941331081e-01
2.541491186754269993e-01
2.534732126376845751e-01
2.537934335117990048e-01
2.540738611736080843e-01
2.543170080943540912e-01
2.540089350532401813e-01
2.536638152870264729e-01
2.537417478182099062e-01
2.541103398258036106e-01
