6.820830136537552324e-01
3.794895235787738574e-01
3.114863690327514534e-01
3.019421032883904399e-01
2.974404185333034967e-01
2.907767364247278996e-01
2.900256205011497723e-01
2.856230231848629897e-01
2.819654266265305687e-01
2.820064448497512366e-01
2.788917094469070546e-01
2.780702801590616002e-01
2.832748428664424445e-01
2.778914186087521609e-01
2.750567107715389814e-01
2.724933664229783337e-01
2.737925240939313443e-01
2.700179960917342692e-01
2.701371161775155683e-01
2.680054814300754096e-01
2.719807265834374710e-01
2.700189918279647938e-01
2.692149569365111517e-01
2.659724108874798043e-01
2.660856198180805432e-01
2.656046507033434922e-01
2.667919452894817467e-01
2.626782789826392905e-01
2.651667382229458414e-01
2.624476723372936027e-01
2.638712858611887424e-01
2.607735226777466719e-01
2.635331069881265975e-01
2.606956995346329520e-01
2.611443071880124034e-01
2.614027202129364236e-01
2.618015430190346327e-01
2.623881208625706840e-01
2.610010074620897069e-01
2.604831088672984740e-01
2.583691630173813314e-01
2.605369347062977958e-01
2.584788405759768093e-01
2.593290339816700096e-01
2.580666539343920429e-01
2.575225328857248530e-01
2.580128921026533240e-01
2.665177624333988637e-01
2.830574870109557883e-01
2.625327865508469416e-01
2.535553952509706499e-01
2.532001945105465945e-01
2.528156198561191670e-01
2.530094680461016377e-01
2.525811000303788689e-01
2.521843764592300863e-01
2.523845649578354555e-01
2.520426595075563880e-01
2.521840597418221752e-01
2.518737510524012846e-01
2.519603295759721417e-01
2.517737753011963786e-01
2.518432555550878527e-01
2.521166531877084283e-01
2.517752438106319879e-01
2.514068291945891209e-01
2.518177355554970798e-01
2.517066814682700215e-01
2.515562404285777709e-01
2.514924127269874687e-01
2.515099385245279651e-01
2.517001328820532291e-01
2.514343264428052227e-01
2.514163118194450153e-01
2.509491771459579357e-01
2.515460959212346692e-01
2.515812321820042330e-01
2.512658277018503528e-01
2.514577355574477702e-01
2.511323945088820286e-01
2.508190093392675402e-01
2.504489175975322945e-01
2.501548584211956139e-01
2.504526556215502797e-01
2.504674361510710323e-01
2.504792785102670782e-01
2.499673196537928188e-01
2.503026379103010512e-01
2.503727530213919472e-01
2.502586544237353494e-01
2.502457838844169280e-01
2.505032739178700840e-01
2.503746546127579298e-01
2.504255977543917711e-01
2.505732871592044608e-01
2.504540045153010874e-01
2.502712566744197398e-01
2.500849668275226256e-01
2.505521088161251630e-01
2.502663191069255944e-01
