6.464463447982614630e-01
3.188691830770535862e-01
3.064995757558128808e-01
3.068051004951650174e-01
2.916272563690489039e-01
2.938460085879672778e-01
2.862228740345347799e-01
2.929463981227441449e-01
2.837669154459779852e-01
2.871745486828413685e-01
2.822007822042161829e-01
2.815734810449860293e-01
2.773145379667932287e-01
2.778012688187035395e-01
2.813947471028024339e-01
2.708273231983184814e-01
2.755391578105362838e-01
2.763319837776097576e-01
2.718216867609457577e-01
2.725650712847709767e-01
2.768388916145671508e-01
2.729530001905831615e-01
2.693409961055625579e-01
2.737561740658500109e-01
2.693975395777008508e-01
2.701322469521652558e-01
2.692813253538174911e-01
2.669812818142500710e-01
2.676682474260980160e-01
2.668872725557197012e-01
2.668135507540269069e-01
2.673790624873204624e-01
2.684178707613186221e-01
2.669753921302882027e-01
2.656365159560333811e-01
2.687176199121908970e-01
2.634551610458981119e-01
2.651943172920833702e-01
2.626603058116002698e-01
2.658808606592091839e-01
2.637630284509875356e-01
2.636614276604218876e-01
2.619113105941902608e-01
2.604579330167987039e-01
2.632272412831133113e-01
2.609777976843443703e-01
2.613530208441344205e-01
2.638427672061053331e-01
2.588694996454499186e-01
2.618104656311598943e-01
2.515221556479280696e-01
2.510343428362499796e-01
2.509875458749857846e-01
2.506061383946375232e-01
2.508625835180282593e-01
2.508263940160924688e-01
2.507593199610710366e-01
2.508554797958243987e-01
2.507948724383657901e-01
2.509052366018295066e-01
2.510087727823040460e-01
2.511661262674765305e-01
2.508712282912297642e-01
2.509516178206964154e-01
2.505189901048486822e-01
2.507790641351179683e-01
2.506008142097430058e-01
2.507481265474449383e-01
2.509509925137866637e-01
2.507638644088398538e-01
2.508043673228133597e-01
2.508883165364915735e-01
2.509348250925541035e-01
2.507708156650716447e-01
2.502977600151842230e-01
2.500619941814379299e-01
2.503259265964681290e-01
2.501403749666430976e-01
2.506516145034269893e-01
2.504973891783844331e-01
2.496904570270668255e-01
2.499567240476608387e-01
2.498737136748704069e-01
2.499330368231643396e-01
2.496621712364933687e-01
2.496710200878706765e-01
2.498671883209185041e-01
2.496412511576305837e-01
2.496774652464823219e-01
2.497397798028859195e-01
2.498863154514269491e-01
2.497852938757701424e-01
2.491514919156377905e-01
2.494431620294397522e-01
2.497181456874717487e-01
2.499304026026617498e-01
2.496321464126760314e-01
2.493419263850558953e-01
2.493556259707971068e-01
2.497867928987199670e-01
