6.076286485249345892e-01
4.603702994910153223e-01
4.120919327844272950e-01
3.506491652943871107e-01
3.170751335268670590e-01
3.006418374451724218e-01
2.849363046613606620e-01
2.812652483582496754e-01
2.748975379223173587e-01
2.740030228414318536e-01
2.712869739667935765e-01
2.695351016115058451e-01
2.688150127503005082e-01
2.674945764920928504e-01
2.672522263093428108e-01
2.678149316121231638e-01
2.681343312967907067e-01
2.664190583608367358e-01
2.661604955115101645e-01
2.653808040375059130e-01
2.648833557963371499e-01
2.634520645846020193e-01
2.640921645543792273e-01
2.647741182283921413e-01
2.627342884513464982e-01
2.637843717905608010e-01
2.629512970420447293e-01
2.627514867620034389e-01
2.626303027299317638e-01
2.619863042099909167e-01
2.619133506986228155e-01
2.616801237518137091e-01
2.613654383204200293e-01
2.618573494255542755e-01
2.612480800260196800e-01
2.618276869031516130e-01
2.613488924774256539e-01
2.612855347720059451e-01
2.609676357020031534e-01
2.602494528347795710e-01
2.629939132793382983e-01
2.614971626211296529e-01
2.608986472541635626e-01
2.600026912987232208e-01
2.603940404274247000e-01
2.599057513204487968e-01
2.603653893552043130e-01
2.606970178810033012e-01
2.604686206714673657e-01
2.622949153184890858e-01
2.544708558104255003e-01
2.534477996555241641e-01
2.539874758910048991e-01
2.539060319689186995e-01
2.538165601139718563e-01
2.536306480115110285e-01
2.536877280609174390e-01
2.539218099957162855e-01
2.536912353201346004e-01
2.533221627500923945e-01
2.536716243082826616e-01
2.536350806328383500e-01
2.538401122797619425e-01
2.538096534934911053e-01
2.533865338022058822e-01
2.539783833379095079e-01
2.536881755021485607e-01
2.535759899426590080e-01
2.532840868966145798e-01
2.538719892501831166e-01
2.537689212371002645e-01
2.533582114360549142e-01
2.534869643774899650e-01
2.538354655558412998e-01
2.537253818051381504e-01
2.537995368242264016e-01
2.534786485812881018e-01
2.533780881627039627e-01
2.536499017341570239e-01
2.535183170979672940e-01
2.529792411760850568e-01
2.530299644578586915e-01
2.527117304503917472e-01
2.526526052166115366e-01
2.527786080810156544e-01
2.528974646194414588e-01
2.527586844157088675e-01
2.526812041347676896e-01
2.525820977308533277e-01
2.527342250401323764e-01
2.525977459482171561e-01
2.528462449258023770e-01
2.528656201606446774e-01
2.529497720978476916e-01
2.528319444168697916e-01
2.526163908568295757e-01
2.529340441931377526e-01
2.529255512763153302e-01
2.527004645629362667e-01
2.532411264424974107e-01
