5.119922547177835348e-01
3.256589157337492213e-01
3.009681505235758947e-01
2.988102816045284382e-01
2.836273568597706962e-01
2.825516156852245220e-01
2.800346345386721669e-01
2.797119620848785848e-01
2.737347455864602708e-01
2.727406204424120961e-01
2.715887693518941881e-01
2.749863214113495435e-01
2.689172743396325282e-01
2.660490939562971113e-01
2.717601841146295993e-01
2.692300124601884059e-01
2.670470049435442195e-01
2.681635823439468269e-01
2.681462317027829001e-01
2.693136414343660356e-01
2.657355956733226665e-01
2.641298386183651981e-01
2.634730076247995822e-01
2.646306728097525540e-01
2.621000878512859122e-01
2.637519970536231773e-01
2.611262164332650015e-01
2.629493095658042012e-01
2.613309132104570387e-01
2.601700098677114936e-01
2.604184771125966913e-01
2.633002569052306230e-01
2.580013451928442336e-01
2.585397276688705670e-01
2.589796479452740052e-01
2.601790257475593005e-01
2.597435962070118176e-01
2.613332551311363106e-01
2.582711011848666249e-01
2.597088240087032096e-01
2.585637741468169715e-01
2.581771282309835436e-01
2.581078842282295005e-01
2.561039602214639777e-01
2.566729715601964168e-01
2.577973914417353574e-01
2.566997989334843244e-01
2.600049375133081098e-01
2.579561870206485974e-01
2.565139440650289759e-01
2.496252343058586176e-01
2.485990604216402333e-01
2.491366178474642978e-01
2.489967830479145050e-01
2.488262618129903625e-01
2.486099094152450506e-01
2.486975696276534642e-01
2.487834056670015503e-01
2.485320559956810671e-01
2.483340749686414606e-01
2.485365058210763090e-01
2.485004372894764058e-01
2.486409748819741472e-01
2.486051080579107508e-01
2.481803881173784143e-01
2.485893471674485711e-01
2.482667190784757782e-01
2.484518961472944876e-01
2.479020095684311698e-01
2.487203365022485901e-01
2.483299141580408154e-01
2.478940338573672464e-01
2.480769911950284901e-01
2.482528402385386634e-01
2.484112439507787928e-01
2.482700271362608124e-01
2.481391531499949343e-01
2.478221230208873804e-01
2.479997845535928669e-01
2.478263040835207154e-01
2.471476493911309580e-01
2.471530906856060084e-01
2.468185808170925422e-01
2.467818335376002481e-01
2.468832171098752359e-01
2.469774027439680941e-01
2.468469606204466427e-01
2.467481132935394061e-01
2.466579984534870429e-01
2.467794578861106647e-01
2.466339203105731570e-01
2.468435256995938076e-01
2.469081528484821375e-01
2.469478301703929846e-01
2.468432135202667799e-01
2.466178753836588411e-01
2.469072936610741953e-01
2.468836447732015160e-01
2.466634762558070071e-01
2.472132588652047325e-01
