7.287239478393034986e-01
5.107515528798103333e-01
4.287138425491072713e-01
3.583628924732858434e-01
3.312878501008857390e-01
3.098156656731258507e-01
2.956430238756266315e-01
2.902964457869529613e-01
2.863453495908866997e-01
2.794951442967761879e-01
2.754874157634648602e-01
2.732771819965406079e-01
2.744195704433051164e-01
2.721024437384171879e-01
2.700654556805437423e-01
2.712912524965676586e-01
2.676465752449902480e-01
2.702593304894187476e-01
2.673939160325310427e-01
2.671149522743441751e-01
2.662912126291882009e-01
2.671359008008783453e-01
2.671149478717284032e-01
2.667382575571536907e-01
2.667344229465181127e-01
2.653681709007783551e-01
2.639479969712820728e-01
2.646045341410420138e-01
2.650449863889000612e-01
2.647772279652682026e-01
2.636350180615078531e-01
2.633120705458251165e-01
2.654603343795646220e-01
2.626196181909604688e-01
2.625683336095376297e-01
2.626740265976298949e-01
2.635578971017490946e-01
2.624854824759743632e-01
2.627573401413180743e-01
2.614821565422144611e-01
2.611919835209846608e-01
2.624378611418333729e-01
2.619191538881172066e-01
2.613994960080493479e-01
2.612320668318054984e-01
2.602087397467006125e-01
2.607115929776971930e-01
2.612489826299927431e-01
2.608638172122565435e-01
2.600088099187070623e-01
2.540609193119136022e-01
2.537739076397635962e-01
2.535548458045179254e-01
2.538775855167345608e-01
2.535780060697685467e-01
2.533351449126546862e-01
2.535540567880327223e-01
2.533090296794067720e-01
2.535081482746384118e-01
2.532800127836791204e-01
2.533619531853632534e-01
2.533337475223974566e-01
2.533351709219542336e-01
2.535656980492851931e-01
2.534660429439761220e-01
2.531189136884429147e-01
2.536717207594351153e-01
2.535328206690874997e-01
2.534042109819975575e-01
2.534548149867491551e-01
2.530914954841136932e-01
2.536603080278093114e-01
2.535143724896691264e-01
2.533966361799023237e-01
2.530883124606175816e-01
2.535646868700330847e-01
2.536094333637844422e-01
2.535634882070801344e-01
2.537387170574881834e-01
2.532990084453062840e-01
2.530648607422005258e-01
2.527041509747505188e-01
2.524049895730885451e-01
2.527210338549180646e-01
2.527436473152854246e-01
2.527540700002149920e-01
2.522578107362443700e-01
2.525800114328211055e-01
2.526411786675453186e-01
2.525307226587425458e-01
2.525327849794518076e-01
2.528050963851538602e-01
2.526709496297619428e-01
2.527508765459060558e-01
2.528991142457181485e-01
2.527790565382350696e-01
2.526129970496350796e-01
2.523851179941133949e-01
2.529081887142224927e-01
2.525868686085397385e-01
